Trial no.	Method 1	Method 2	Method 3	Method 4	Method 5	Method 6	Method 7	Method 8	Self inflation
0		0.001018	0.000783	0.001063	0.004457	0.002767	0.000873	0.004674	0.002770	0.150807
1		0.000591	0.001151	0.000618	0.001545	0.001080	0.001404	0.001670	0.001537	0.218383
2		0.000607	0.000234	0.000596	0.001228	0.000912	0.000630	0.001679	0.001154	0.146185
3		0.000441	-0.001218	0.000553	0.023967	0.012262	0.001117	0.026090	0.013452	0.240571
4		0.000986	0.000478	0.000951	0.001468	0.001209	0.000687	0.001681	0.001184	0.263640
5		0.002399	0.001575	0.002488	0.015143	0.008823	0.004425	0.019990	0.012158	0.099253
6		-0.001095	0.000298	-0.000952	0.003660	0.001339	0.000530	0.004536	0.002529	0.192564
7		0.000112	0.007145	0.000517	0.067989	0.032397	0.024164	0.140778	0.079728	0.098314
8		-0.000950	-0.001266	-0.000973	0.005417	0.002205	-0.000134	0.005953	0.002899	0.286442
9		0.001331	-0.002372	0.001254	0.008042	0.004703	0.000110	0.016719	0.008347	0.172651
10		-0.001889	-0.001755	-0.001750	0.001919	0.000085	-0.002096	0.001415	-0.000348	0.206321
11		0.000104	-0.000818	0.000039	0.001911	0.000973	-0.000393	0.001850	0.000727	0.260729
12		-0.000900	0.000300	-0.000813	0.001431	0.000302	0.000498	0.001666	0.001082	0.196716
13		0.001033	0.000795	0.001030	0.002688	0.001858	0.001172	0.002698	0.001935	0.315887
14		-0.000769	0.000477	-0.000628	0.005226	0.002265	0.001316	0.006083	0.003695	0.245205
15		-0.000227	-0.002549	-0.000247	0.009459	0.004643	-0.001381	0.009866	0.004204	0.266006
16		0.001420	0.000866	0.001402	0.002524	0.001964	0.001034	0.002500	0.001766	0.222787
17		-0.004523	-0.003545	-0.004465	0.005137	0.000276	-0.001758	0.005835	0.002021	0.231258
18		-0.000270	-0.000022	-0.000266	0.001435	0.000581	0.000390	0.001944	0.001166	0.282280
19		-0.001570	-0.001809	-0.001577	0.006326	0.002346	-0.000180	0.007768	0.003777	0.174109
20		0.000891	0.000060	0.000874	0.020163	0.010499	0.002648	0.018057	0.010300	0.172805
21		-0.001271	-0.000085	-0.001207	0.000985	-0.000119	0.000192	0.002119	0.001154	0.220273
22		0.000000	-0.000000	-0.000000	-0.000000	0.000000	-0.000000	0.000000	-0.000000	0.154338
23		0.000862	0.000008	0.000755	0.001825	0.001290	0.000743	0.002002	0.001372	0.205499
24		0.001479	0.003758	0.001623	0.003799	0.002704	0.003943	0.005024	0.004484	0.208958
25		0.001313	0.001527	0.001278	0.013118	0.007151	0.004169	0.017788	0.010938	0.202975
26		0.000901	0.000307	0.000877	0.001331	0.001104	0.000609	0.001683	0.001146	0.232830
27		0.000000	0.000000	-0.000000	0.000000	0.000000	0.000000	-0.000000	-0.000000	0.379813
28		0.000537	0.002058	0.000640	0.009537	0.005036	0.003492	0.010328	0.006902	0.176491
29		0.000912	0.000054	0.000891	0.001512	0.001202	0.000084	0.001622	0.000852	0.285708
30		-0.001440	-0.000529	-0.001411	0.004124	0.001325	0.000685	0.005442	0.003058	0.236803
31		-0.001363	-0.000041	-0.001230	0.001315	0.000032	-0.000108	0.001655	0.000772	0.154597
32		-0.001655	-0.002271	-0.001612	0.019406	0.008856	0.000390	0.018715	0.009470	0.377913
33		-0.000920	-0.000582	-0.000855	0.005509	0.002312	0.000688	0.007351	0.004008	0.090123
34		0.004027	0.003170	0.004092	0.010131	0.007123	0.004003	0.013461	0.008712	0.213516
35		0.002599	0.001564	0.002629	0.005781	0.004209	0.002315	0.006431	0.004369	0.231766
36		-0.000000	0.000000	-0.000000	0.000000	0.000000	-0.000000	0.000000	0.000000	0.282661
37		0.000000	0.000000	-0.000000	-0.000000	-0.000000	0.000000	0.000000	-0.000000	0.249987
38		0.000000	0.000000	0.000000	0.000000	0.000000	-0.000000	-0.000000	-0.000000	0.177168
39		0.001627	0.001295	0.001588	0.003757	0.002670	0.002207	0.004917	0.003561	0.234979
40		0.000000	0.000000	0.000000	0.000000	0.000000	0.000000	0.000000	0.000000	0.230345
41		-0.000115	-0.000641	-0.000061	0.006611	0.003284	-0.000032	0.005856	0.002902	0.191795
42		0.000009	-0.001911	-0.000043	0.007045	0.003518	-0.000077	0.008392	0.004140	0.160516
43		0.000846	0.000346	0.000775	0.002047	0.001412	0.000637	0.001987	0.001311	0.309703
44		0.000159	-0.000661	0.000110	0.002139	0.001124	-0.000379	0.001836	0.000727	0.243636
45		0.002110	-0.000399	0.002152	0.007070	0.004629	-0.000574	0.007419	0.003404	0.147688
46		0.000501	0.006461	0.000804	0.021278	0.010778	0.009942	0.035267	0.022483	0.163247
47		0.000206	0.000051	0.000190	0.004067	0.002120	0.000609	0.004690	0.002646	0.245734
48		0.000366	0.000406	0.000312	0.007702	0.003963	0.001898	0.010079	0.005973	0.183100
49		-0.000172	-0.000272	-0.000164	0.001226	0.000531	-0.000111	0.001660	0.000773	0.278046
50		0.000000	-0.000000	0.000000	-0.000000	-0.000000	0.000000	-0.000000	0.000000	0.203586
51		-0.002720	-0.003900	-0.002758	0.021154	0.009062	0.000176	0.020720	0.010343	0.148205
52		-0.000996	0.000182	-0.000956	0.003546	0.001280	0.000700	0.004624	0.002658	0.108511
53		0.000710	-0.000237	0.000684	0.001082	0.000883	0.000003	0.001637	0.000819	0.206935
54		0.001035	0.003238	0.001012	0.012899	0.006850	0.005752	0.024774	0.015188	0.163480
55		0.000845	0.001358	0.000882	0.008952	0.004906	0.002949	0.011525	0.007222	0.179506
56		-0.001869	-0.001410	-0.001817	0.003880	0.001017	-0.000775	0.004331	0.001770	0.227210
57		0.000000	0.000000	-0.000000	-0.000000	0.000000	0.000000	0.000000	0.000000	0.106032
58		-0.004770	-0.000532	-0.004654	0.008570	0.001798	0.003184	0.023553	0.013269	0.253102
59		-0.000358	-0.000171	-0.000320	0.001621	0.000650	-0.000129	0.001535	0.000702	0.197979
60		-0.000782	-0.000232	-0.000828	0.001068	0.000113	0.000521	0.002174	0.001347	0.223153
61		-0.000053	-0.000169	-0.000079	0.001356	0.000634	0.000366	0.001957	0.001161	0.230055
62		0.000185	0.000654	0.000188	0.001554	0.000869	0.001033	0.001698	0.001366	0.339870
63		-0.002328	0.000168	-0.002139	0.005815	0.001783	0.000669	0.009512	0.005072	0.119247
64		0.000154	-0.000959	0.000146	0.003963	0.002058	0.000543	0.006283	0.003406	0.134334
65		-0.001466	-0.001044	-0.001490	0.002898	0.000688	-0.000144	0.004630	0.002236	0.245822
66		0.001189	0.000802	0.001171	0.004401	0.002781	0.001541	0.006653	0.004092	0.206535
67		-0.001115	-0.000529	-0.001146	0.001278	0.000055	0.000188	0.001669	0.000928	0.174248
68		-0.000124	0.000571	0.000066	0.010426	0.005214	0.001522	0.010091	0.005790	0.301172
69		0.000257	-0.000627	0.000240	0.011808	0.006053	0.000357	0.012195	0.006243	0.212905
70		-0.000469	-0.000524	-0.000449	0.007516	0.003510	0.000941	0.008063	0.004491	0.118920
71		-0.000766	-0.000559	-0.000800	0.003084	0.001129	0.000465	0.004701	0.002578	0.135033
72		0.000332	0.001675	0.000413	0.003573	0.001981	0.001947	0.004844	0.003394	0.179383
73		-0.000000	-0.000000	0.000000	-0.000000	0.000000	0.000000	0.000000	0.000000	0.119087
74		0.000430	-0.000275	0.000385	0.001252	0.000818	-0.000180	0.001646	0.000732	0.258152
75		0.000641	0.000213	0.000603	0.001040	0.000821	0.000077	0.001381	0.000729	0.192230
76		-0.000838	-0.000618	-0.000795	0.001031	0.000114	-0.000181	0.001850	0.000833	0.146491
77		0.000872	0.000236	0.000860	0.002158	0.001507	0.000223	0.001939	0.001080	0.241680
78		-0.001273	-0.000368	-0.001217	0.005052	0.001899	0.000435	0.006145	0.003282	0.152952
79		0.000123	0.000030	0.000115	0.001770	0.000947	0.000175	0.001899	0.001036	0.077566
80		0.001571	-0.000521	0.001415	0.016002	0.008630	0.003558	0.023775	0.013576	0.211446
81		-0.001886	-0.001243	-0.001777	0.007398	0.002776	0.000258	0.009953	0.005082	0.270079
82		0.000438	0.000646	0.000446	0.001531	0.000987	0.000782	0.002002	0.001392	0.073165
83		0.001288	-0.002851	0.001143	0.011723	0.006482	-0.001730	0.010566	0.004372	0.147792
84		0.000000	0.000000	0.000000	0.000000	-0.000000	0.000000	-0.000000	-0.000000	0.272729
85		0.000632	0.001325	0.000664	0.001676	0.001170	0.001243	0.001700	0.001472	0.079982
86		-0.001029	-0.002405	-0.001050	0.005447	0.002197	-0.000759	0.010983	0.005072	0.152350
87		-0.004748	-0.004215	-0.003931	0.096474	0.044524	0.007419	0.092654	0.048429	0.300782
88		0.001349	0.000799	0.001246	0.004629	0.002935	0.001304	0.006604	0.003948	0.169941
89		0.001371	-0.000121	0.001284	0.008639	0.004970	0.002012	0.010357	0.006168	0.197888
90		-0.000322	-0.001424	-0.000333	0.004827	0.002243	-0.000386	0.007384	0.003483	0.232934
91		0.001202	0.000507	0.001156	0.005812	0.003470	0.002359	0.012761	0.007538	0.233583
92		0.000000	0.000000	0.000000	0.000000	-0.000000	0.000000	-0.000000	-0.000000	0.251556
93		0.001753	0.002026	0.001736	0.005755	0.003730	0.002956	0.006812	0.004882	0.097876
94		-0.002593	-0.001548	-0.002500	0.009317	0.003338	0.000581	0.010636	0.005584	0.227497
95		0.002511	-0.005878	0.003301	0.236863	0.116171	0.008498	0.137074	0.069083	0.216657
96		0.000000	0.000000	0.000000	-0.000000	-0.000000	0.000000	-0.000000	-0.000000	0.187822
97		-0.003846	-0.000554	-0.003732	0.004698	0.000389	0.000900	0.011564	0.006205	0.214515
98		0.003915	0.000971	0.003931	0.047079	0.025327	0.005236	0.040971	0.022823	0.273639
99		-0.000175	0.001128	0.000138	0.018484	0.009228	0.003625	0.019164	0.011342	0.319649
100		0.001500	-0.000027	0.001411	0.002160	0.001786	0.000131	0.002178	0.001154	0.261098
101		0.000610	0.001190	0.000549	0.006136	0.003321	0.002833	0.008569	0.005695	0.239626
102		0.001045	0.000159	0.001010	0.001986	0.001499	0.000218	0.001932	0.001074	0.166199
103		-0.000215	-0.000041	-0.000181	0.002484	0.001149	0.000227	0.002614	0.001419	0.256558
104		0.000000	0.000000	0.000000	0.000000	-0.000000	0.000000	0.000000	-0.000000	0.178709
105		0.000892	0.001830	0.001022	0.004602	0.002807	0.001990	0.004871	0.003429	0.309379
106		-0.000604	-0.000185	-0.000590	0.001221	0.000311	0.000162	0.001658	0.000909	0.131477
107		-0.001037	-0.001414	-0.000999	0.002208	0.000606	-0.001188	0.002450	0.000626	0.366386
108		0.001089	-0.000025	0.001176	0.007505	0.004360	0.001133	0.010886	0.005987	0.260121
109		0.000000	-0.000000	0.000000	0.000000	-0.000000	0.000000	-0.000000	0.000000	0.230109
110		-0.001056	-0.001001	-0.001067	0.000508	-0.000287	-0.000368	0.001504	0.000567	0.156254
111		-0.000217	0.000360	-0.000213	0.000907	0.000344	0.000743	0.002011	0.001377	0.116343
112		-0.001212	-0.000911	-0.001189	0.001530	0.000165	-0.000751	0.001588	0.000416	0.146532
113		0.000000	-0.000000	0.000000	-0.000000	0.000000	0.000000	-0.000000	0.000000	0.252526
114		0.001038	0.000572	0.001012	0.001275	0.001143	0.000826	0.001384	0.001105	0.245860
115		-0.000000	0.000000	-0.000000	-0.000000	0.000000	0.000000	-0.000000	0.000000	0.218037
116		-0.003118	-0.004220	-0.003153	0.008785	0.002786	-0.002049	0.010275	0.004064	0.091267
117		0.000000	0.000000	0.000000	0.000000	-0.000000	0.000000	-0.000000	-0.000000	0.091015
118		-0.001848	-0.001515	-0.001808	0.001401	-0.000214	-0.001192	0.001923	0.000361	0.269336
119		-0.000000	0.000000	0.000000	0.000000	0.000000	0.000000	-0.000000	0.000000	0.201577
120		0.001829	-0.004462	0.001962	0.073781	0.037959	0.002109	0.058163	0.029387	0.288770
121		-0.001530	-0.000140	-0.001473	0.014393	0.006393	0.001825	0.019816	0.010744	0.214026
122		0.001081	-0.000291	0.001126	0.025405	0.013233	0.001779	0.022906	0.012235	0.114264
123		0.000000	0.000000	0.000000	-0.000000	0.000000	0.000000	-0.000000	-0.000000	0.222091
124		0.000526	-0.001540	0.000465	0.005524	0.002998	-0.000086	0.010566	0.005211	0.203631
125		0.001692	0.002241	0.001638	0.010329	0.005933	0.004366	0.012937	0.008638	0.140792
126		-0.003918	-0.002712	-0.003792	0.027568	0.011595	0.002265	0.030064	0.015987	0.254536
127		0.001186	0.000870	0.001193	0.001923	0.001558	0.001141	0.002041	0.001590	0.285522
128		0.000048	0.000057	0.000042	0.000906	0.000472	0.000081	0.001668	0.000874	0.170635
129		-0.000490	0.000368	-0.000398	0.013008	0.006244	0.002866	0.017733	0.010252	0.144585
130		0.001953	0.002127	0.001795	0.009621	0.005672	0.003824	0.011801	0.007801	0.150309
131		0.000571	0.000874	0.000640	0.001840	0.001238	0.000651	0.001995	0.001323	0.196993
132		-0.000796	-0.001503	-0.000712	0.010329	0.004822	-0.000526	0.010080	0.004747	0.310828
133		0.000160	0.000538	0.000190	0.001317	0.000753	0.000320	0.001664	0.000992	0.168845
134		-0.001278	-0.001301	-0.001256	0.007079	0.002907	-0.000381	0.007095	0.003341	0.260947
135		0.002145	0.001068	0.002121	0.011971	0.007038	0.003108	0.012320	0.007698	0.231794
136		-0.000739	-0.000280	-0.000725	0.000557	-0.000087	0.000038	0.001904	0.000970	0.170266
137		-0.000818	-0.000761	-0.000748	0.001473	0.000362	-0.000615	0.001737	0.000559	0.291687
138		0.003687	0.000523	0.003865	0.048563	0.025994	0.008409	0.057546	0.032464	0.238561
139		0.000681	-0.000063	0.000605	0.002082	0.001342	0.000366	0.001934	0.001149	0.257960
140		0.000826	0.000523	0.000798	0.001857	0.001327	0.001087	0.002036	0.001562	0.216780
141		-0.010086	-0.006359	-0.009231	0.046684	0.018192	-0.002956	0.049266	0.022439	0.158147
142		0.001668	0.000483	0.001508	0.004446	0.002972	0.001873	0.004842	0.003356	0.218311
143		0.000000	-0.000000	0.000000	-0.000000	-0.000000	0.000000	0.000000	-0.000000	0.200780
144		0.000224	-0.000453	0.000167	0.002008	0.001088	0.000070	0.002155	0.001112	0.239972
145		0.001415	0.001431	0.001421	0.010843	0.006113	0.002678	0.014688	0.008653	0.167311
146		0.001351	-0.001967	0.001292	0.003390	0.002348	-0.000820	0.005916	0.002535	0.250699
147		0.000967	0.000093	0.000863	0.002093	0.001477	0.001030	0.002189	0.001609	0.197639
148		0.003260	-0.001468	0.002870	0.038224	0.020378	0.005811	0.042259	0.023744	0.228644
149		-0.000586	0.000141	-0.000599	0.005816	0.002587	0.001195	0.008191	0.004682	0.078754
150		-0.000217	-0.000887	-0.000281	0.008671	0.004191	0.000562	0.007790	0.004161	0.146686
151		0.000000	-0.000000	0.000000	0.000000	0.000000	0.000000	-0.000000	-0.000000	0.133502
152		-0.000935	-0.000145	-0.000934	0.000762	-0.000093	0.000334	0.001962	0.001147	0.215948
153		0.002312	-0.000175	0.002226	0.008714	0.005488	0.000331	0.007908	0.004105	0.199601
154		0.000635	-0.001508	0.000454	0.003585	0.002031	-0.000928	0.004399	0.001727	0.148709
155		-0.000000	-0.000000	0.000000	0.000000	-0.000000	-0.000000	0.000000	-0.000000	0.208668
156		0.002782	0.003489	0.003036	0.054426	0.028216	0.009327	0.057847	0.033089	0.227777
157		0.000552	-0.002361	0.000535	0.003794	0.002177	-0.001683	0.004220	0.001257	0.300728
158		0.005374	0.003621	0.005372	0.014691	0.010051	0.005169	0.017436	0.011274	0.259683
159		0.001723	0.000913	0.001744	0.007846	0.004798	0.001525	0.007852	0.004678	0.164548
160		0.001993	0.001118	0.001991	0.003446	0.002718	0.001607	0.004841	0.003222	0.231154
161		-0.003367	-0.003329	-0.003434	0.004003	0.000240	-0.001507	0.005703	0.002082	0.184420
162		-0.000610	-0.000456	-0.000573	0.008814	0.004125	0.000548	0.010107	0.005303	0.191376
163		-0.007411	-0.002900	-0.007048	0.017518	0.004893	0.000757	0.028324	0.014358	0.161111
164		-0.000493	-0.000010	-0.000500	0.001591	0.000536	0.000724	0.002676	0.001699	0.185850
165		0.002531	0.001683	0.002507	0.008355	0.005427	0.002999	0.012517	0.007740	0.148967
166		0.000000	0.000000	-0.000000	0.000000	-0.000000	0.000000	-0.000000	0.000000	0.241875
167		-0.000376	-0.000702	-0.000371	0.001882	0.000758	-0.000456	0.001785	0.000663	0.105903
168		0.000209	-0.000696	0.000181	0.004257	0.002218	0.000664	0.005449	0.003051	0.199204
169		-0.000529	0.000076	-0.000414	0.010319	0.004949	0.000553	0.010740	0.005623	0.214404
170		0.000000	-0.000000	-0.000000	-0.000000	-0.000000	0.000000	-0.000000	0.000000	0.314886
171		-0.001622	-0.001046	-0.001458	0.004699	0.001619	-0.001203	0.004317	0.001548	0.221801
172		-0.001064	-0.001378	-0.001061	0.002003	0.000461	-0.000990	0.004355	0.001673	0.061626
173		0.001145	-0.001784	0.000976	0.011335	0.006204	0.000285	0.016940	0.008545	0.174179
174		-0.000423	0.000182	-0.000422	0.006003	0.002780	0.000966	0.006432	0.003689	0.281064
175		-0.000200	0.000170	-0.000181	0.001337	0.000581	0.000483	0.001635	0.001059	0.066345
176		-0.000702	0.001691	-0.000623	0.007581	0.003428	0.002553	0.012026	0.007270	0.124023
177		0.000000	0.000000	0.000000	0.000000	-0.000000	0.000000	0.000000	-0.000000	0.266069
178		-0.000142	-0.000419	-0.000117	0.001765	0.000824	-0.000326	0.002596	0.001133	0.029609
179		0.000000	0.000000	-0.000000	0.000000	0.000000	-0.000000	-0.000000	-0.000000	0.234991
180		0.001796	-0.000436	0.001784	0.008351	0.005096	0.000041	0.007793	0.003900	0.213894
181		-0.000132	0.000024	-0.000133	0.001751	0.000804	0.000569	0.002186	0.001377	0.088349
182		-0.005499	-0.003960	-0.004988	0.023716	0.009168	-0.000611	0.022921	0.011009	0.242477
183		0.000174	0.000920	0.000203	0.001486	0.000841	0.000832	0.001693	0.001262	0.141734
184		0.001444	0.002496	0.001494	0.015747	0.008525	0.006265	0.018836	0.012523	0.306326
185		0.001503	0.002749	0.001660	0.016598	0.009046	0.005425	0.024526	0.014902	0.199787
186		0.000482	-0.000018	0.000447	0.002951	0.001693	0.000708	0.004564	0.002632	0.174976
187		0.001238	0.000568	0.001247	0.002048	0.001648	0.000242	0.002160	0.001200	0.238485
188		-0.000736	-0.000825	-0.000706	0.001298	0.000297	-0.000755	0.001598	0.000419	0.265924
189		0.000544	0.000816	0.000718	0.004756	0.002737	0.000491	0.004704	0.002593	0.313172
190		0.007538	0.006243	0.007778	0.103374	0.054169	0.016772	0.100118	0.057030	0.184877
191		-0.000009	-0.000122	-0.000049	0.004295	0.002114	0.000774	0.004611	0.002689	0.208586
192		0.002566	-0.002702	0.002575	0.020871	0.011831	0.000465	0.020668	0.010468	0.208094
193		0.001785	0.004567	0.001946	0.037907	0.019500	0.010530	0.059366	0.034460	0.069501
194		-0.001032	-0.000201	-0.000951	0.005175	0.002087	0.000632	0.006104	0.003361	0.235562
195		0.000440	0.000069	0.000408	0.001845	0.001123	0.000554	0.001985	0.001269	0.257176
196		0.000947	0.000113	0.000948	0.005837	0.003404	0.000559	0.006498	0.003520	0.137774
197		0.001600	0.001246	0.001512	0.004507	0.003006	0.002149	0.004847	0.003497	0.225141
198		-0.001104	-0.001239	-0.001129	0.000866	-0.000135	-0.000834	0.001616	0.000389	0.154133
199		-0.001044	-0.001165	-0.001027	0.001893	0.000433	-0.000886	0.001725	0.000417	0.233738
200		0.006453	0.002786	0.006272	0.042773	0.024612	0.008342	0.035733	0.021891	0.104236
201		-0.004582	-0.003668	-0.004457	0.011520	0.003438	-0.001388	0.012076	0.005295	0.225922
202		-0.000023	-0.004113	-0.000082	0.009555	0.004760	-0.002500	0.016082	0.006696	0.199157
203		-0.001842	0.001875	-0.001475	0.010894	0.004607	0.003782	0.012543	0.008147	0.199844
204		0.000000	0.000000	-0.000000	-0.000000	-0.000000	0.000000	-0.000000	-0.000000	0.252740
205		0.000000	0.000000	-0.000000	0.000000	-0.000000	0.000000	-0.000000	0.000000	0.220128
206		-0.001290	-0.000779	-0.001185	0.004797	0.001784	-0.000467	0.004482	0.002001	0.183217
207		0.000055	0.000952	0.000145	0.013072	0.006533	0.003104	0.018028	0.010519	0.274338
208		0.000000	-0.000000	-0.000000	0.000000	0.000000	0.000000	0.000000	-0.000000	0.256754
209		0.000702	0.002465	0.000739	0.010626	0.005639	0.004041	0.012500	0.008256	0.284262
210		0.000531	0.000893	0.000572	0.002452	0.001510	0.001324	0.002696	0.002010	0.247126
211		0.000000	0.000000	-0.000000	-0.000000	-0.000000	-0.000000	-0.000000	-0.000000	0.272029
212		0.005813	0.003976	0.005712	0.012080	0.008910	0.005110	0.013364	0.009226	0.195396
213		-0.000000	0.000000	0.000000	-0.000000	0.000000	0.000000	-0.000000	-0.000000	0.164974
214		0.000445	-0.000758	0.000362	0.004214	0.002285	0.000543	0.005405	0.002969	0.292178
215		0.000037	0.001179	0.000099	0.001190	0.000641	0.001295	0.002047	0.001671	0.168199
216		0.002426	-0.000073	0.002418	0.025921	0.014297	0.002202	0.023137	0.012569	0.088920
217		-0.001009	-0.000138	-0.000922	0.004120	0.001594	0.000274	0.005995	0.003126	0.156512
218		-0.000824	0.000909	-0.000443	0.015380	0.007431	0.001202	0.014233	0.007677	0.135002
219		0.000039	-0.000392	0.000073	0.009765	0.004905	0.001076	0.011578	0.006301	0.253468
220		0.000000	0.000000	0.000000	-0.000000	0.000000	-0.000000	-0.000000	-0.000000	0.259998
221		-0.001431	-0.001678	-0.001429	0.000665	-0.000380	-0.000960	0.004474	0.001748	0.120054
222		0.000632	0.000525	0.000632	0.007666	0.004143	0.001257	0.007754	0.004497	0.075279
223		-0.000249	0.000242	-0.000200	0.001298	0.000547	0.000175	0.001931	0.001052	0.256347
224		-0.000316	0.000580	0.000260	0.048541	0.024026	0.006498	0.047606	0.026681	0.353067
225		-0.000931	0.000211	-0.000894	0.003838	0.001436	0.001140	0.008034	0.004576	0.154678
226		0.000058	0.000073	0.000144	0.007223	0.003686	0.000611	0.007878	0.004231	0.121566
227		0.000961	0.002754	0.001115	0.012797	0.006893	0.004602	0.017930	0.011230	0.220670
228		-0.000000	0.000000	-0.000000	-0.000000	0.000000	0.000000	0.000000	-0.000000	0.211765
229		-0.000697	-0.000990	-0.000712	0.002070	0.000677	-0.000432	0.002095	0.000830	0.236081
230		0.001480	0.000187	0.001483	0.001574	0.001529	-0.000024	0.001661	0.000818	0.249350
231		-0.001401	-0.000171	-0.001362	0.001187	-0.000100	0.000481	0.002631	0.001555	0.247542
232		-0.000252	0.000239	-0.000224	0.001072	0.000422	0.000169	0.001931	0.001049	0.136983
233		0.001373	0.000742	0.001417	0.008321	0.004861	0.001790	0.011767	0.006755	0.164948
234		0.000152	0.000650	0.000255	0.005593	0.002924	0.000837	0.006253	0.003539	0.246225
235		0.001330	0.002866	0.001368	0.008813	0.005064	0.004232	0.010265	0.007242	0.237250
236		-0.000353	0.000035	-0.000294	0.006764	0.003225	0.000915	0.006681	0.003790	0.215917
237		0.001381	0.000843	0.001478	0.009171	0.005324	0.001289	0.010712	0.005980	0.237946
238		0.001921	0.002255	0.001964	0.011878	0.006898	0.003638	0.012147	0.007878	0.279615
239		-0.001120	-0.002555	-0.001194	0.008533	0.003657	-0.000426	0.012529	0.006009	0.147338
240		0.001752	0.001392	0.001769	0.004032	0.002901	0.002254	0.006074	0.004161	0.270416
241		0.000738	-0.000316	0.000595	0.005099	0.002825	0.001285	0.007807	0.004537	0.163830
242		0.000000	0.000000	0.000000	-0.000000	0.000000	-0.000000	0.000000	-0.000000	0.225818
243		-0.001681	-0.001633	-0.001467	0.008392	0.003481	-0.001911	0.007144	0.002590	0.147458
244		-0.001113	-0.002888	-0.001194	0.016782	0.007799	0.000708	0.018244	0.009401	0.115095
245		0.000336	0.000961	0.000301	0.003293	0.001786	0.001746	0.004768	0.003255	0.147329
246		0.002208	0.001817	0.002136	0.004492	0.003312	0.002109	0.006121	0.004112	0.134514
247		0.000000	0.000000	-0.000000	0.000000	0.000000	0.000000	0.000000	0.000000	0.258058
248		-0.000020	-0.000108	-0.000022	0.001449	0.000712	0.000300	0.001678	0.000989	0.228266
249		0.001824	-0.001537	0.001679	0.015499	0.008634	0.001019	0.015855	0.008382	0.218163
250		-0.000064	0.000664	-0.000025	0.001548	0.000758	0.000639	0.001973	0.001305	0.177171
251		0.001162	0.000360	0.001178	0.002230	0.001702	0.000527	0.001993	0.001260	0.195550
252		-0.000131	-0.000210	-0.000148	0.001276	0.000559	0.000142	0.001929	0.001035	0.151944
253		0.000430	0.000002	0.000431	0.001135	0.000783	0.000294	0.001672	0.000983	0.179449
254		0.001858	0.003435	0.001941	0.008285	0.005091	0.004098	0.010466	0.007275	0.182508
255		-0.003535	-0.003737	-0.003470	0.015072	0.005671	-0.000144	0.016740	0.008225	0.146526
256		-0.000250	-0.000161	-0.000225	0.001152	0.000459	0.000131	0.002147	0.001138	0.195103
257		0.000012	-0.000375	-0.000028	0.002180	0.001077	0.000079	0.002099	0.001087	0.175426
258		0.000863	0.000493	0.000847	0.001798	0.001323	0.000660	0.002196	0.001427	0.204229
259		0.000268	0.000542	0.000267	0.001526	0.000893	0.000785	0.002008	0.001396	0.199976
260		-0.000313	-0.000185	-0.000287	0.003535	0.001624	-0.000229	0.005358	0.002556	0.246528
261		0.000560	-0.000466	0.000473	0.001262	0.000868	-0.000036	0.001635	0.000798	0.226949
262		-0.000388	0.000342	-0.000375	0.001023	0.000320	0.000687	0.002008	0.001347	0.263004
263		-0.001559	0.001320	-0.001495	0.006562	0.002471	0.003148	0.012190	0.007654	0.295716
264		0.001198	0.000757	0.001108	0.001863	0.001485	0.000810	0.002677	0.001743	0.136149
265		0.001986	0.001571	0.001913	0.007639	0.004764	0.002868	0.007897	0.005378	0.283096
266		-0.001199	-0.001185	-0.001180	0.001042	-0.000073	-0.000886	0.001614	0.000361	0.294790
267		0.000723	-0.001177	0.000635	0.003129	0.001880	-0.000679	0.006349	0.002822	0.172729
268		0.003642	0.003552	0.003887	0.018247	0.011052	0.005121	0.020397	0.012715	0.202767
269		0.000163	-0.000621	0.000187	0.004728	0.002457	-0.000030	0.005332	0.002644	0.272788
270		0.001738	0.001139	0.001727	0.009778	0.005741	0.002381	0.010293	0.006321	0.202509
271		0.001233	0.000436	0.001148	0.002172	0.001659	0.000988	0.002018	0.001502	0.246644
272		0.000192	0.000189	0.000220	0.008403	0.004339	0.000571	0.009721	0.005126	0.106949
273		0.000575	0.000995	0.000557	0.003741	0.002136	0.001330	0.004801	0.003063	0.156395
274		-0.000712	-0.000068	-0.000730	0.002828	0.001038	0.000424	0.004622	0.002519	0.217296
275		0.000012	-0.000229	0.000005	0.001193	0.000598	0.000160	0.001648	0.000903	0.112896
276		0.000691	0.001079	0.000761	0.006155	0.003458	0.001262	0.006150	0.003700	0.121371
277		-0.000623	-0.000258	-0.000622	0.001318	0.000340	0.000450	0.001674	0.001062	0.080571
278		0.000417	-0.000352	0.000410	0.002184	0.001297	-0.000128	0.002142	0.001006	0.227544
279		0.001346	0.001957	0.001381	0.001506	0.001444	0.001804	0.001703	0.001754	0.250021
280		-0.000286	-0.000642	-0.000333	0.001403	0.000533	-0.000080	0.001655	0.000786	0.253380
281		0.004067	0.003885	0.004073	0.007475	0.005770	0.004827	0.008917	0.006869	0.223452
282		0.001057	0.002631	0.001105	0.004744	0.002906	0.003204	0.008707	0.005950	0.140197
283		0.000004	0.000795	0.000109	0.004514	0.002300	0.001165	0.004742	0.002951	0.213132
284		0.000141	0.002894	0.000351	0.023355	0.011632	0.008529	0.041014	0.024556	0.193376
285		0.000280	0.001522	0.000441	0.010255	0.005310	0.002908	0.011053	0.006968	0.226835
286		-0.000565	-0.001747	-0.000588	0.005056	0.002222	0.000554	0.010789	0.005642	0.138810
287		-0.002994	-0.001817	-0.002942	0.009409	0.003183	-0.000269	0.009690	0.004685	0.130749
288		-0.002906	-0.001985	-0.002879	0.003070	0.000061	-0.000729	0.007513	0.003373	0.192264
289		0.000056	-0.001509	-0.000085	0.003203	0.001554	-0.000682	0.005266	0.002282	0.176904
290		0.000854	0.000312	0.000822	0.002060	0.001441	0.000485	0.001946	0.001214	0.219038
291		-0.002364	-0.000733	-0.002198	0.010334	0.003990	0.001542	0.014295	0.007880	0.240262
292		0.000000	0.000000	0.000000	0.000000	0.000000	-0.000000	0.000000	-0.000000	0.183995
293		0.000000	-0.000000	0.000000	-0.000000	-0.000000	-0.000000	0.000000	0.000000	0.242902
294		-0.001618	-0.000632	-0.001569	0.008087	0.003199	0.001063	0.011589	0.006299	0.137018
295		-0.000035	-0.000377	-0.000032	0.002041	0.001005	-0.000099	0.001870	0.000885	0.216953
296		-0.000730	0.002273	-0.000490	0.009650	0.004515	0.003343	0.013156	0.008228	0.250116
297		-0.000884	-0.000509	-0.000899	0.001439	0.000263	-0.000178	0.001608	0.000713	0.109390
298		0.000553	0.000137	0.000546	0.001334	0.000941	0.000402	0.001662	0.001031	0.183560
299		0.000842	0.001465	0.000861	0.005659	0.003264	0.002449	0.010258	0.006340	0.051438
300		0.000423	-0.000507	0.000390	0.001240	0.000817	-0.000212	0.001617	0.000701	0.258455
301		0.000428	0.000794	0.000457	0.004302	0.002375	0.001134	0.004610	0.002869	0.163357
302		-0.002570	-0.002831	-0.002649	0.005546	0.001419	-0.001241	0.005448	0.002088	0.203514
303		-0.001601	-0.000636	-0.001502	0.006192	0.002307	0.000517	0.011348	0.005902	0.204497
304		0.000000	-0.000000	-0.000000	-0.000000	0.000000	-0.000000	-0.000000	-0.000000	0.224419
305		0.002834	0.001068	0.002749	0.009350	0.006063	0.002336	0.010003	0.006157	0.203886
306		-0.000017	-0.000131	-0.000029	0.001416	0.000693	0.000137	0.001923	0.001029	0.163499
307		0.001176	0.000420	0.001067	0.001893	0.001479	0.001253	0.002052	0.001653	0.213510
308		-0.003999	-0.002546	-0.003895	0.005227	0.000613	-0.001094	0.005891	0.002384	0.156172
309		0.002373	0.001682	0.002312	0.004913	0.003614	0.002358	0.005609	0.003982	0.113111
310		0.001498	0.004452	0.001553	0.065163	0.031967	0.015648	0.098561	0.055693	0.203523
311		-0.000926	-0.001407	-0.000939	0.003900	0.001473	-0.000421	0.004350	0.001957	0.292478
312		-0.000011	-0.001485	-0.000115	0.001939	0.000915	-0.000982	0.001730	0.000371	0.209430
313		0.000413	-0.000180	0.000272	0.006987	0.003617	0.001499	0.008255	0.004867	0.320764
314		-0.000000	-0.000000	0.000000	-0.000000	-0.000000	0.000000	0.000000	-0.000000	0.172462
315		0.000569	0.001038	0.000637	0.001667	0.001151	0.001032	0.001698	0.001365	0.351366
316		-0.000000	0.000000	-0.000000	0.000000	0.000000	0.000000	0.000000	-0.000000	0.223002
317		-0.000263	-0.000367	-0.000249	0.001506	0.000625	-0.000107	0.001886	0.000888	0.204144
318		0.000224	-0.000330	0.000344	0.017410	0.008901	0.001116	0.017217	0.009104	0.195808
319		-0.002199	0.000429	-0.002138	0.004258	0.001015	0.001150	0.006583	0.003860	0.150945
320		-0.002075	-0.000926	-0.001966	0.003309	0.000648	-0.000110	0.004404	0.002141	0.183264
321		0.002572	-0.001313	0.003579	0.199712	0.097423	0.015773	0.187415	0.095176	0.204279
322		0.006203	0.004226	0.006273	0.010623	0.008446	0.004169	0.010417	0.007287	0.211157
323		-0.000652	-0.000784	-0.000628	0.001394	0.000389	-0.000449	0.001479	0.000514	0.076999
324		0.000151	-0.001086	0.000124	0.003947	0.002036	-0.000463	0.005261	0.002390	0.275794
325		0.001153	0.002151	0.001302	0.018969	0.010056	0.005049	0.026122	0.015495	0.225884
326		0.000000	0.000000	0.000000	0.000000	0.000000	-0.000000	-0.000000	-0.000000	0.123018
327		0.000000	0.000000	0.000000	0.000000	0.000000	0.000000	-0.000000	-0.000000	0.159653
328		0.000093	-0.000495	0.000047	0.006520	0.003245	0.001899	0.011875	0.006864	0.111151
329		0.000012	0.000463	-0.000023	0.003344	0.001651	0.001158	0.004784	0.002968	0.205136
330		0.005409	0.004719	0.005766	0.041762	0.023690	0.008607	0.043201	0.025663	0.164158
331		-0.002931	-0.003217	-0.002887	0.014053	0.005530	-0.001283	0.014990	0.006779	0.124997
332		-0.003834	-0.003145	-0.003813	0.007815	0.001947	0.000118	0.018267	0.009108	0.118466
333		-0.003159	-0.001518	-0.002909	0.020007	0.008373	0.002809	0.020963	0.011814	0.264513
334		0.001816	0.001216	0.001757	0.002097	0.001927	0.001411	0.002065	0.001738	0.224570
335		0.000084	0.002767	0.000354	0.009353	0.004820	0.002946	0.011616	0.007267	0.272521
336		-0.000592	0.000492	-0.000448	0.005763	0.002640	0.000875	0.005946	0.003402	0.255084
337		0.001142	-0.000037	0.001109	0.002068	0.001589	0.000293	0.002186	0.001238	0.145010
338		0.000000	0.000000	0.000000	-0.000000	0.000000	0.000000	0.000000	-0.000000	0.212817
339		-0.002399	-0.000418	-0.002269	0.008665	0.003113	0.001602	0.010804	0.006184	0.081542
340		-0.001097	-0.002374	-0.001055	0.011344	0.005133	-0.000627	0.013905	0.006582	0.161411
341		-0.000126	-0.000110	-0.000107	0.000883	0.000387	-0.000064	0.001662	0.000798	0.186858
342		-0.001428	-0.000790	-0.001324	0.016937	0.007682	0.002512	0.017793	0.010102	0.210838
343		0.000000	-0.000000	0.000000	-0.000000	0.000000	0.000000	0.000000	0.000000	0.224132
344		0.001342	0.001295	0.001340	0.004197	0.002770	0.001650	0.004788	0.003217	0.141576
345		-0.001310	-0.000602	-0.001234	0.001654	0.000205	-0.000318	0.002531	0.001103	0.245583
346		-0.004344	-0.004738	-0.004075	0.030919	0.013461	-0.002797	0.023428	0.010123	0.215904
347		-0.001570	-0.001533	-0.001546	0.004439	0.001435	-0.000598	0.005913	0.002645	0.242505
348		-0.005077	0.001518	-0.004497	0.030121	0.012246	0.008782	0.038925	0.023665	0.182757
349		-0.000336	0.001215	-0.000334	0.009327	0.004447	0.003130	0.011602	0.007351	0.259775
350		-0.001445	-0.001124	-0.001487	0.004748	0.001609	0.000280	0.006479	0.003370	0.295442
351		0.001969	0.002180	0.001935	0.005926	0.003903	0.004410	0.015218	0.009793	0.149055
352		-0.001034	-0.001010	-0.000985	0.006401	0.002692	0.000313	0.006509	0.003402	0.316492
353		0.000000	0.000000	-0.000000	0.000000	-0.000000	0.000000	0.000000	-0.000000	0.199485
354		0.000264	0.000156	0.000349	0.004207	0.002281	0.000024	0.005983	0.002994	0.225742
355		0.000000	-0.000000	0.000000	0.000000	-0.000000	0.000000	0.000000	0.000000	0.168266
356		-0.000194	0.000270	-0.000157	0.001453	0.000646	0.000683	0.002202	0.001442	0.154165
357		0.003673	0.001827	0.003632	0.012966	0.008303	0.003776	0.013185	0.008463	0.221045
358		-0.003841	-0.007837	-0.003873	0.018030	0.007288	-0.004696	0.021920	0.008408	0.162945
359		-0.001022	-0.000571	-0.000975	0.001082	0.000048	-0.000309	0.001650	0.000669	0.272199
360		0.001594	0.000970	0.001549	0.005067	0.003303	0.001564	0.004846	0.003203	0.177313
361		0.000761	0.000575	0.000815	0.001719	0.001267	0.000505	0.001635	0.001070	0.202581
362		0.000144	-0.000431	0.000146	0.001912	0.001029	-0.000457	0.001793	0.000666	0.281738
363		-0.000036	0.000948	0.000078	0.020149	0.010037	0.003089	0.020258	0.011610	0.232115
364		0.002500	0.002017	0.002488	0.003861	0.003173	0.002665	0.004959	0.003811	0.137642
365		-0.002656	-0.002700	-0.002374	0.009929	0.003807	-0.002467	0.012208	0.004809	0.311716
366		0.000000	-0.000000	0.000000	0.000000	-0.000000	0.000000	-0.000000	0.000000	0.104381
367		0.003297	0.002915	0.003343	0.004650	0.003996	0.002675	0.004936	0.003805	0.186197
368		0.000022	-0.000212	-0.000014	0.001621	0.000802	0.000334	0.001679	0.001006	0.140874
369		-0.001790	0.002764	-0.001212	0.018746	0.008600	0.005017	0.020414	0.012666	0.231394
370		-0.000142	0.000055	-0.000120	0.001464	0.000670	0.000301	0.001948	0.001124	0.203955
371		0.004446	0.004302	0.004440	0.022346	0.013294	0.007144	0.025261	0.016142	0.175073
372		0.001112	0.002441	0.001272	0.005219	0.003240	0.003005	0.010765	0.006873	0.182272
373		-0.002678	-0.003147	-0.002804	0.019864	0.008341	0.001295	0.026026	0.013515	0.243765
374		-0.000819	-0.000784	-0.000810	0.001597	0.000391	-0.000542	0.001820	0.000637	0.294661
375		0.000047	0.000491	0.000087	0.001503	0.000794	0.000619	0.001972	0.001295	0.296601
376		-0.001507	-0.000214	-0.001602	0.015814	0.006969	0.003846	0.018016	0.010890	0.301434
377		-0.000548	0.000462	-0.000510	0.001567	0.000521	0.001086	0.002714	0.001899	0.146292
378		-0.000173	-0.000495	-0.000180	0.002226	0.001023	-0.000285	0.002595	0.001152	0.212461
379		-0.000778	-0.001700	-0.000813	0.002045	0.000617	-0.001366	0.001639	0.000132	0.138171
380		0.000211	0.001323	0.000245	0.007121	0.003661	0.002809	0.010153	0.006470	0.324251
381		0.000459	-0.001025	0.000461	0.007903	0.004227	0.001445	0.017212	0.009271	0.129196
382		0.000000	-0.000000	-0.000000	0.000000	0.000000	0.000000	0.000000	-0.000000	0.276405
383		0.001906	0.000550	0.001856	0.008875	0.005375	0.001216	0.008259	0.004727	0.170238
384		0.000391	0.001703	0.000507	0.011867	0.006137	0.003430	0.012531	0.007964	0.224205
385		-0.003387	-0.002247	-0.003356	0.005018	0.000773	-0.001240	0.005885	0.002308	0.104450
386		0.000909	0.000367	0.000838	0.002382	0.001609	0.001090	0.002678	0.001883	0.204724
387		0.002544	0.001818	0.002442	0.006576	0.004506	0.003064	0.007422	0.005240	0.249536
388		-0.000287	0.000589	-0.000294	0.000849	0.000275	0.001009	0.002018	0.001513	0.277186
389		0.000292	0.001540	0.000363	0.004698	0.002499	0.002710	0.007937	0.005318	0.170326
390		0.000000	0.000000	0.000000	0.000000	-0.000000	0.000000	-0.000000	-0.000000	0.198722
391		-0.001870	-0.000696	-0.001709	0.003641	0.000939	-0.000160	0.004470	0.002149	0.186852
392		0.000753	0.001200	0.000801	0.003613	0.002209	0.001763	0.004846	0.003303	0.080861
393		0.000708	0.003127	0.001017	0.011759	0.006335	0.003961	0.012591	0.008262	0.250113
394		0.000449	0.001430	0.000673	0.015094	0.007829	0.002782	0.016614	0.009657	0.271787
395		0.001413	-0.006561	0.001143	0.056409	0.028697	0.000619	0.052720	0.026004	0.211487
396		-0.000919	0.000795	-0.000551	0.023922	0.011504	0.003870	0.023899	0.013798	0.257910
397		0.000725	0.001377	0.000682	0.001942	0.001310	0.001810	0.002766	0.002288	0.143678
398		-0.000000	0.000000	0.000000	-0.000000	0.000000	-0.000000	-0.000000	-0.000000	0.197793
399		0.000627	0.001012	0.000636	0.010212	0.005409	0.002009	0.010409	0.006194	0.197144
400		0.000254	-0.001115	0.000207	0.004021	0.002120	-0.000471	0.004389	0.001952	0.236636
401		-0.000098	0.002152	0.000137	0.005590	0.002846	0.002079	0.006643	0.004356	0.301727
402		-0.000226	-0.000730	-0.000225	0.001948	0.000861	-0.000081	0.001897	0.000907	0.182076
403		0.001543	0.002231	0.001568	0.004250	0.002907	0.002557	0.004812	0.003683	0.126345
404		0.000447	0.000909	0.000539	0.002752	0.001644	0.000898	0.004794	0.002842	0.263902
405		-0.000851	-0.000737	-0.000843	0.000959	0.000055	-0.000417	0.001645	0.000612	0.225752
406		0.000176	-0.000088	0.000151	0.006328	0.003224	0.001184	0.006543	0.003856	0.190453
407		0.000697	-0.000181	0.000642	0.001763	0.001202	0.000136	0.001921	0.001027	0.245368
408		-0.000087	-0.000357	-0.000082	0.001902	0.000909	-0.000201	0.001877	0.000837	0.321255
409		0.000327	0.000332	0.000329	0.001689	0.001007	0.000411	0.001952	0.001181	0.068065
410		0.000750	0.001840	0.000818	0.006278	0.003536	0.001856	0.006678	0.004263	0.104063
411		-0.001742	0.000035	-0.001649	0.003783	0.001036	0.001489	0.005830	0.003656	0.186748
412		-0.000095	0.000307	-0.000066	0.001464	0.000696	0.000548	0.001686	0.001117	0.279744
413		0.000108	-0.000023	0.000123	0.001585	0.000851	0.000476	0.001980	0.001228	0.167254
414		0.003225	0.001986	0.003172	0.005100	0.004139	0.002326	0.006037	0.004179	0.183869
415		-0.001957	-0.003194	-0.002036	0.012333	0.005106	-0.000527	0.012014	0.005703	0.259652
416		-0.000000	-0.000000	0.000000	-0.000000	-0.000000	0.000000	-0.000000	0.000000	0.261233
417		-0.000521	0.000085	-0.000491	0.001415	0.000456	0.000450	0.001683	0.001066	0.170798
418		0.000217	-0.000719	0.000187	0.001976	0.001083	-0.000641	0.001795	0.000575	0.193276
419		-0.000354	-0.000631	-0.000354	0.001549	0.000597	-0.000415	0.001836	0.000709	0.159527
420		-0.000436	0.000360	-0.000406	0.000788	0.000186	0.000548	0.001978	0.001262	0.173879
421		0.000000	-0.000000	0.000000	0.000000	-0.000000	-0.000000	-0.000000	0.000000	0.222123
422		-0.001807	0.000278	-0.001741	0.002320	0.000264	0.001144	0.008029	0.004575	0.172285
423		0.002709	-0.002303	0.002446	0.021549	0.012123	0.000329	0.018517	0.009341	0.155217
424		0.000973	0.000492	0.000965	0.003489	0.002225	0.000946	0.005468	0.003202	0.176636
425		-0.001431	-0.001106	-0.001392	0.005765	0.002163	0.000065	0.006387	0.003215	0.289668
426		-0.001509	-0.000587	-0.001439	0.000462	-0.000497	-0.000321	0.001846	0.000761	0.179458
427		-0.000688	0.002364	-0.000528	0.006931	0.003149	0.003693	0.010610	0.007142	0.211522
428		-0.000658	-0.000066	-0.000654	0.001021	0.000180	0.000199	0.002137	0.001167	0.214754
429		-0.000046	0.000475	-0.000018	0.001495	0.000735	0.000724	0.001689	0.001206	0.218478
430		-0.000390	-0.002342	-0.000113	0.036228	0.018155	0.001445	0.033610	0.017285	0.240284
431		0.000024	0.000094	0.000023	0.001519	0.000769	0.000352	0.001946	0.001148	0.247284
432		0.001708	0.000303	0.001632	0.002489	0.002060	0.000505	0.002637	0.001570	0.174616
433		-0.000664	-0.001693	-0.000776	0.001988	0.000606	-0.000965	0.001671	0.000350	0.297956
434		0.001645	0.003929	0.001781	0.014049	0.007835	0.006077	0.018810	0.012415	0.295574
435		0.000000	0.000000	0.000000	0.000000	0.000000	0.000000	-0.000000	-0.000000	0.083756
436		-0.000455	-0.000591	-0.000445	0.001799	0.000674	-0.000490	0.001813	0.000660	0.141791
437		-0.000318	-0.001516	-0.000395	0.001986	0.000797	-0.001166	0.001593	0.000210	0.281219
438		0.000000	-0.000000	-0.000000	0.000000	0.000000	0.000000	0.000000	-0.000000	0.149852
439		0.004965	0.006187	0.005229	0.019054	0.012075	0.007589	0.019177	0.013362	0.218821
440		-0.000458	-0.000128	-0.000452	0.001187	0.000366	0.000176	0.001909	0.001042	0.246206
441		0.006508	0.005530	0.006654	0.020963	0.013788	0.007176	0.025360	0.016209	0.262506
442		-0.000062	-0.002701	-0.000221	0.029348	0.014571	0.001270	0.024194	0.012605	0.245551
443		0.002012	0.001626	0.002012	0.008049	0.005027	0.002169	0.008466	0.005310	0.123721
444		0.002250	0.002323	0.002254	0.061501	0.031062	0.013098	0.067697	0.039794	0.197626
445		0.002678	0.003953	0.002816	0.010678	0.006720	0.004591	0.012544	0.008557	0.212665
446		0.000000	-0.000000	0.000000	0.000000	-0.000000	0.000000	0.000000	0.000000	0.166218
447		-0.000337	-0.001325	-0.000378	0.001004	0.000314	-0.000747	0.002471	0.000858	0.152782
448		-0.000663	0.001916	-0.000483	0.007749	0.003571	0.003554	0.010364	0.006951	0.163074
449		0.000557	0.001265	0.000587	0.001498	0.001042	0.001141	0.002035	0.001587	0.134006
450		0.000894	0.000715	0.000869	0.001158	0.001013	0.001052	0.001690	0.001371	0.133323
451		0.000902	0.001475	0.000959	0.001757	0.001357	0.001441	0.002064	0.001753	0.149849
452		0.001506	0.000031	0.001435	0.004582	0.003003	0.000364	0.004551	0.002452	0.199094
453		0.000004	-0.000038	0.000130	0.005954	0.003027	0.000497	0.006149	0.003315	0.215132
454		-0.001906	-0.000751	-0.001875	0.004158	0.001109	0.000212	0.005357	0.002778	0.128799
455		0.000024	0.002335	0.000031	0.006089	0.003014	0.003851	0.010938	0.007386	0.119238
456		-0.000060	-0.000135	-0.000045	0.003658	0.001797	0.000103	0.004563	0.002328	0.200118
457		0.001961	0.001016	0.001954	0.001737	0.001846	0.000708	0.001645	0.001176	0.159958
458		0.000000	0.000000	0.000000	0.000000	-0.000000	-0.000000	0.000000	-0.000000	0.256379
459		0.004732	0.000446	0.004682	0.047691	0.026309	0.005425	0.041535	0.023185	0.174144
460		-0.001021	-0.001436	-0.001012	0.006740	0.002857	-0.000353	0.006385	0.003004	0.156572
461		-0.003680	-0.000586	-0.003691	0.010480	0.003209	0.003666	0.023783	0.013636	0.271594
462		0.000790	0.001427	0.000809	0.001328	0.001067	0.001632	0.002075	0.001854	0.173785
463		-0.000352	0.000231	-0.000333	0.001350	0.000502	0.000667	0.001683	0.001175	0.175338
464		-0.000444	-0.001102	-0.000492	0.000933	0.000221	-0.000557	0.001612	0.000526	0.206437
465		-0.001637	0.000019	-0.001271	0.020596	0.009548	0.002270	0.021138	0.011624	0.265247
466		-0.000498	-0.000506	-0.000491	0.000948	0.000230	-0.000516	0.001640	0.000561	0.176696
467		0.000811	0.000728	0.000811	0.001707	0.001259	0.000879	0.002012	0.001445	0.195695
468		-0.001090	-0.000893	-0.001104	0.001301	0.000088	-0.000318	0.001629	0.000654	0.170773
469		0.000292	-0.000017	0.000273	0.001239	0.000758	0.000326	0.001656	0.000990	0.145640
470		0.000986	0.000535	0.001034	0.002121	0.001577	0.000206	0.001932	0.001068	0.218008
471		-0.003974	-0.000564	-0.003709	0.013402	0.004649	0.002556	0.018153	0.010300	0.158893
472		-0.000438	-0.000546	-0.000384	0.002121	0.000868	-0.000628	0.001747	0.000557	0.121443
473		-0.001624	-0.000337	-0.001570	0.008819	0.003579	0.001274	0.009845	0.005543	0.258644
474		0.000000	0.000000	0.000000	-0.000000	0.000000	0.000000	0.000000	0.000000	0.165960
475		-0.000000	0.000000	-0.000000	0.000000	0.000000	0.000000	0.000000	0.000000	0.200698
476		0.000201	0.001016	0.000208	0.003102	0.001639	0.001531	0.004808	0.003167	0.123050
477		0.002508	0.001056	0.002484	0.006901	0.004699	0.002362	0.010040	0.006189	0.207351
478		0.000463	0.001020	0.000451	0.001605	0.001027	0.001376	0.001698	0.001537	0.268624
479		0.004197	0.004939	0.004333	0.007723	0.006027	0.004896	0.008206	0.006550	0.307700
480		0.000119	0.000340	0.000176	0.003811	0.001987	0.000619	0.004576	0.002593	0.181330
481		0.002777	0.000892	0.002763	0.004697	0.003732	0.000991	0.004684	0.002835	0.245696
482		0.002054	0.000330	0.002019	0.004948	0.003485	0.001434	0.007342	0.004381	0.173262
483		-0.001035	0.000415	-0.000921	0.004256	0.001652	0.001249	0.004800	0.003022	0.162431
484		0.000000	-0.000000	0.000000	-0.000000	0.000000	0.000000	0.000000	0.000000	0.191527
485		0.000000	-0.000000	-0.000000	0.000000	-0.000000	-0.000000	-0.000000	0.000000	0.297748
486		-0.001045	-0.001229	-0.000987	0.005539	0.002262	-0.000573	0.006325	0.002863	0.216660
487		0.002731	0.002395	0.002849	0.005510	0.004178	0.002329	0.005624	0.003974	0.227295
488		0.000835	0.000827	0.000854	0.001720	0.001286	0.000976	0.002015	0.001495	0.196476
489		-0.000445	0.000524	-0.000376	0.001299	0.000459	0.000601	0.001975	0.001287	0.319044
490		0.000000	0.000000	0.000000	-0.000000	-0.000000	0.000000	0.000000	0.000000	0.238019
491		-0.000487	-0.000162	-0.000501	0.001438	0.000463	0.000360	0.001677	0.001018	0.144509
492		-0.000400	-0.000512	-0.000432	0.003090	0.001321	-0.000183	0.004515	0.002160	0.231744
493		0.003130	0.001714	0.003162	0.009369	0.006278	0.003954	0.017964	0.010920	0.141724
494		-0.004483	-0.001963	-0.004350	0.025331	0.010187	0.005881	0.047895	0.026508	0.249924
495		-0.000000	0.000000	0.000000	-0.000000	0.000000	0.000000	0.000000	0.000000	0.232919
496		-0.001054	-0.001142	-0.001011	0.004850	0.001907	-0.000702	0.004570	0.001925	0.170808
497		0.000413	-0.002239	0.000276	0.010217	0.005255	0.000055	0.012216	0.006098	0.145521
498		0.002460	0.000292	0.002246	0.012950	0.007602	0.001917	0.015632	0.008732	0.180281
499		-0.000331	0.000355	-0.000204	0.007171	0.003474	0.000450	0.008028	0.004226	0.197642